1,1,106.28,93.19,16.43,13.48,1,1,1.000
1,2,36.90,78.40,16.57,14.46,1,1,0.654
1,3,42.45,35.69,15.11,16.10,1,1,0.337
1,4,55.45,94.32,10.52,11.13,1,1,0.000
1,5,22.62,90.31,15.69,13.22,1,1,1.000
1,6,17.25,44.05,13.57,15.59,1,1,1.000
1,7,53.50,36.73,15.76,8.83,1,1,0.000
1,8,28.92,76.19,11.18,15.04,1,1,1.000
1,9,75.44,18.56,13.81,13.07,1,1,0.355
1,10,50.29,24.73,13.84,13.72,1,1,0.000
2,1,107.76,93.15,16.43,13.48,1,1,1.000
2,2,38.49,78.52,16.57,14.46,1,1,0.551
2,3,40.82,35.09,15.11,16.10,1,1,0.471
2,4,54.65,94.14,10.52,11.13,1,1,0.000
2,5,23.96,90.36,15.69,13.22,1,1,1.000
2,6,18.52,44.18,13.57,15.59,1,1,1.000
2,7,52.25,37.04,15.76,8.83,1,1,0.000
2,8,30.07,75.40,11.18,15.04,1,1,1.000
2,9,73.21,18.74,13.81,13.07,1,1,0.157
2,10,51.31,24.35,13.84,13.72,1,1,0.000
3,1,109.26,93.18,16.43,13.48,1,1,1.000
3,2,40.07,78.60,16.57,14.46,1,1,0.460
3,3,39.19,34.50,15.11,16.10,1,1,0.608
3,4,53.90,93.99,10.52,11.13,1,1,0.000
3,5,25.32,90.47,15.69,13.22,1,1,1.000
3,6,19.74,44.29,13.57,15.59,1,1,1.000
3,7,50.97,37.34,15.76,8.83,1,1,0.000
3,8,31.17,74.64,11.18,15.04,1,1,1.000
3,9,70.98,18.85,13.81,13.07,1,1,0.028
3,10,52.29,23.98,13.84,13.72,1,1,0.000
4,1,110.78,93.28,16.43,13.48,1,1,1.000
4,2,41.77,78.69,16.57,14.46,1,1,0.346
4,3,37.52,33.83,15.11,16.10,1,1,0.741
4,4,53.16,93.81,10.52,11.13,1,1,0.000
4,5,26.66,90.56,15.69,13.22,1,1,1.000
4,6,20.96,44.43,13.57,15.59,1,1,1.000
4,7,49.70,37.63,15.76,8.83,1,1,0.000
4,8,32.23,73.81,11.18,15.04,1,1,1.000
4,9,68.73,18.97,13.81,13.07,1,1,0.000
4,10,53.34,23.62,13.84,13.72,1,1,0.000
5,1,112.34,93.36,15.66,13.48,1,1,1.000
5,2,43.42,78.74,16.57,14.46,1,1,0.228
5,3,35.83,33.24,15.11,16.10,1,1,0.868
5,4,52.39,93.67,10.52,11.13,1,1,0.000
5,5,27.97,90.68,15.69,13.22,1,1,1.000
5,6,22.19,44.57,13.57,15.59,1,1,1.000
5,7,48.42,37.89,15.76,8.83,1,1,0.000
5,8,33.30,72.96,11.18,15.04,1,1,1.000
5,9,66.43,19.03,13.81,13.07,1,1,0.000
5,10,54.39,23.32,13.84,13.72,1,1,0.000
6,1,113.78,93.44,14.22,13.48,1,1,1.000
6,2,45.07,78.85,16.57,14.46,1,1,0.121
6,3,34.14,32.63,15.11,16.10,1,1,0.953
6,4,51.67,93.54,10.52,11.13,1,1,0.000
6,5,29.34,90.82,15.69,13.22,1,1,1.000
6,6,23.38,44.66,13.57,15.59,1,1,1.000
6,7,47.21,38.23,15.76,8.83,1,1,0.018
6,8,34.37,72.10,11.18,15.04,1,1,1.000
6,9,64.19,19.05,13.81,13.07,1,1,0.000
6,10,55.41,23.05,13.84,13.72,1,1,0.000
7,1,112.20,93.52,15.80,13.48,1,1,1.000
7,2,46.73,78.97,16.57,14.46,1,1,0.032
7,3,32.51,32.03,15.11,16.10,1,1,0.974
7,4,50.97,93.33,10.52,11.13,1,1,0.000
7,5,30.70,90.91,15.69,13.22,1,1,1.000
7,6,24.51,44.71,13.57,15.59,1,1,1.000
7,7,45.98,38.60,15.76,8.83,1,1,0.076
7,8,35.38,71.23,11.18,15.04,1,1,1.000
7,9,61.92,19.06,13.81,13.07,1,1,0.000
7,10,56.47,22.79,13.84,13.72,1,1,0.000
8,1,110.67,93.60,16.43,13.48,1,1,1.000
8,2,48.35,79.09,16.57,14.46,1,1,0.000
8,3,30.89,31.44,15.11,16.10,1,1,0.974
8,4,50.22,93.12,10.52,11.13,1,1,0.000
8,5,32.08,91.11,15.69,13.22,1,1,1.000
8,6,25.72,44.72,13.57,15.59,1,1,1.000
8,7,44.75,38.91,15.76,8.83,1,1,0.132
8,8,36.37,70.38,11.18,15.04,1,1,1.000
8,9,59.71,19.03,13.81,13.07,1,1,0.000
8,10,57.50,22.46,13.84,13.72,1,1,0.000
9,1,109.13,93.63,16.43,13.48,1,1,1.000
9,2,49.96,79.16,16.57,14.46,1,1,0.000
9,3,29.27,30.77,15.11,16.10,1,1,0.963
9,4,49.42,93.00,10.52,11.13,1,1,0.000
9,5,33.40,91.27,15.69,13.22,1,1,0.972
9,6,27.01,44.86,13.57,15.59,1,1,1.000
9,7,43.46,39.21,15.76,8.83,1,1,0.239
9,8,37.38,69.60,11.18,15.04,1,1,0.983
9,9,57.46,19.00,13.81,13.07,1,1,0.000
9,10,58.57,22.14,13.84,13.72,1,1,0.000
10,1,107.58,93.65,16.43,13.48,1,1,1.000
10,2,51.51,79.23,16.57,14.46,1,1,0.000
10,3,27.63,30.12,15.11,16.10,1,1,0.974
10,4,48.60,92.90,10.52,11.13,1,1,0.000
10,5,34.77,91.43,15.69,13.22,1,1,0.908
10,6,28.31,44.99,13.57,15.59,1,1,1.000
10,7,42.18,39.47,15.76,8.83,1,1,0.327
10,8,38.39,68.82,11.18,15.04,1,1,0.917
10,9,55.29,19.03,13.81,13.07,1,1,0.000
10,10,59.65,21.78,13.84,13.72,1,1,0.000
11,1,105.98,93.73,16.43,13.48,1,1,1.000
11,2,53.06,79.32,16.57,14.46,1,1,0.000
11,3,25.93,29.50,15.11,16.10,1,1,0.995
11,4,47.79,92.75,10.52,11.13,1,1,0.000
11,5,36.11,91.60,15.69,13.22,1,1,0.807
11,6,29.61,45.11,13.57,15.59,1,1,1.000
11,7,40.89,39.73,15.76,8.83,1,1,0.434
11,8,39.42,68.09,11.18,15.04,1,1,0.817
11,9,53.01,19.05,13.81,13.07,1,1,0.000
11,10,60.74,21.44,13.84,13.72,1,1,0.000
12,1,104.36,93.73,16.43,13.48,1,1,1.000
12,2,54.64,79.47,16.57,14.46,1,1,0.000
12,3,24.16,28.91,15.11,16.10,1,1,1.000
12,4,46.97,92.60,10.52,11.13,1,1,0.000
12,5,37.42,91.76,15.69,13.22,1,1,0.710
12,6,30.96,45.26,13.57,15.59,1,1,1.000
12,7,39.67,40.04,15.76,8.83,1,1,0.537
12,8,40.46,67.43,11.18,15.04,1,1,0.712
12,9,50.76,19.10,13.81,13.07,1,1,0.000
12,10,61.81,21.11,13.84,13.72,1,1,0.000
13,1,102.72,93.77,16.43,13.48,1,1,1.000
13,2,56.16,79.66,16.57,14.46,1,1,0.000
13,3,22.39,28.38,15.11,16.10,1,1,1.000
13,4,46.18,92.53,10.52,11.13,1,1,0.000
13,5,38.75,91.85,15.69,13.22,1,1,0.618
13,6,32.31,45.36,13.57,15.59,1,1,1.000
13,7,38.44,40.40,15.76,8.83,1,1,0.579
13,8,41.53,66.75,11.18,15.04,1,1,0.592
13,9,48.47,19.16,13.81,13.07,1,1,0.000
13,10,62.84,20.74,13.84,13.72,1,1,0.000
14,1,101.10,93.86,16.43,13.48,1,1,1.000
14,2,57.71,79.76,16.57,14.46,1,1,0.000
14,3,20.62,27.84,15.11,16.10,1,1,1.000
14,4,45.41,92.52,10.52,11.13,1,1,0.000
14,5,40.00,91.93,15.69,13.22,1,1,0.510
14,6,33.68,45.40,13.57,15.59,1,1,1.000
14,7,37.26,40.78,15.76,8.83,1,1,0.556
14,8,42.63,66.04,11.18,15.04,1,1,0.475
14,9,46.20,19.26,13.81,13.07,1,1,0.085
14,10,63.87,20.39,13.84,13.72,1,1,0.000
15,1,99.48,93.91,16.43,13.48,1,1,1.000
15,2,59.26,79.85,16.57,14.46,1,1,0.000
15,3,18.88,27.35,15.11,16.10,1,1,1.000
15,4,44.59,92.50,10.52,11.13,1,1,0.000
15,5,41.31,91.97,15.69,13.22,1,1,0.404
15,6,35.02,45.44,13.57,15.59,1,1,0.982
15,7,36.11,41.17,15.76,8.83,1,1,0.527
15,8,43.78,65.37,11.18,15.04,1,1,0.333
15,9,43.97,19.38,13.81,13.07,1,1,0.245
15,10,65.00,20.03,13.84,13.72,1,1,0.000
16,1,97.78,94.03,16.43,13.48,1,1,1.000
16,2,60.78,79.94,16.57,14.46,1,1,0.000
16,3,17.18,26.79,15.11,16.10,1,1,1.000
16,4,43.73,92.42,10.52,11.13,1,1,0.000
16,5,42.58,92.03,15.69,13.22,1,1,0.308
16,6,36.38,45.49,13.57,15.59,1,1,0.914
16,7,34.91,41.45,15.76,8.83,1,1,0.565
16,8,44.93,64.68,11.18,15.04,1,1,0.227
16,9,41.76,19.52,13.81,13.07,1,1,0.433
16,10,66.14,19.70,13.84,13.72,1,1,0.000
17,1,96.09,94.17,16.43,13.48,1,1,1.000
17,2,62.28,80.03,16.57,14.46,1,1,0.000
17,3,15.50,26.27,15.11,16.10,1,1,1.000
17,4,42.84,92.36,10.52,11.13,1,1,0.149
17,5,43.85,92.08,15.69,13.22,1,1,0.217
17,6,37.78,45.47,13.57,15.59,1,1,0.811
17,7,33.65,41.68,15.76,8.83,1,1,0.625
17,8,46.00,63.96,11.18,15.04,1,1,0.116
17,9,39.58,19.66,13.81,13.07,1,1,0.640
17,10,67.28,19.41,13.84,13.72,1,1,0.000
18,1,94.46,94.31,16.43,13.48,1,1,1.000
18,2,63.83,80.12,16.57,14.46,1,1,0.000
18,3,13.78,25.72,15.11,16.10,1,1,1.000
18,4,41.90,92.26,10.52,11.13,1,1,0.395
18,5,45.10,92.17,15.69,13.22,1,1,0.137
18,6,39.24,45.39,13.57,15.59,1,1,0.682
18,7,32.42,41.87,15.76,8.83,1,1,0.691
18,8,47.08,63.23,11.18,15.04,1,1,0.043
18,9,37.33,19.83,13.81,13.07,1,1,0.830
18,10,68.40,19.10,13.84,13.72,1,1,0.000
19,1,92.78,94.42,16.43,13.48,1,1,1.000
19,2,65.40,80.20,16.57,14.46,1,1,0.000
19,3,12.07,25.18,15.11,16.10,1,1,1.000
19,4,41.02,92.15,10.52,11.13,1,1,0.624
19,5,46.30,92.30,15.69,13.22,1,1,0.056
19,6,40.69,45.35,13.57,15.59,1,1,0.545
19,7,31.19,42.05,15.76,8.83,1,1,0.827
19,8,48.17,62.59,11.18,15.04,1,1,0.000
19,9,35.16,20.01,13.81,13.07,1,1,0.965
19,10,69.52,18.83,13.84,13.72,1,1,0.000
20,1,91.07,94.54,16.43,13.48,1,1,1.000
20,2,66.97,80.29,16.57,14.46,1,1,0.000
20,3,10.33,24.58,15.11,16.10,1,1,1.000
20,4,40.05,92.00,10.52,11.13,1,1,0.798
20,5,47.47,92.42,15.69,13.22,1,1,0.007
20,6,42.22,45.36,13.57,15.59,1,1,0.408
20,7,29.93,42.25,15.76,8.83,1,1,0.937
20,8,49.25,61.93,11.18,15.04,1,1,0.000
20,9,32.99,20.21,13.81,13.07,1,1,1.000
20,10,70.64,18.61,13.84,13.72,1,1,0.000
21,1,89.31,94.67,16.43,13.48,1,1,1.000
21,2,68.64,80.40,16.57,14.46,1,1,0.027
21,3,8.65,23.99,15.11,16.10,1,1,1.000
21,4,39.10,91.84,10.52,11.13,1,1,0.909
21,5,48.64,92.50,15.69,13.22,1,1,0.000
21,6,43.77,45.34,13.57,15.59,1,1,0.261
21,7,28.70,42.49,15.76,8.83,1,1,1.000
21,8,50.34,61.26,11.18,15.04,1,1,0.000
21,9,30.85,20.40,13.81,13.07,1,1,1.000
21,10,71.78,18.31,13.84,13.72,1,1,0.063
22,1,87.54,94.71,16.43,13.48,1,1,1.000
22,2,70.25,80.56,16.57,14.46,1,1,0.116
22,3,7.00,23.36,15.11,16.10,1,1,1.000
22,4,38.09,91.57,10.52,11.13,1,1,0.977
22,5,49.79,92.69,15.69,13.22,1,1,0.000
22,6,45.33,45.29,13.57,15.59,1,1,0.142
22,7,27.48,42.67,15.76,8.83,1,1,1.000
22,8,51.43,60.60,11.18,15.04,1,1,0.000
22,9,28.70,20.62,13.81,13.07,1,1,1.000
22,10,72.95,18.04,13.84,13.72,1,1,0.145
23,1,85.74,94.79,16.43,13.48,1,1,1.000
23,2,71.93,80.68,16.57,14.46,1,1,0.212
23,3,5.32,22.79,15.11,16.10,1,1,1.000
23,4,37.08,91.35,10.52,11.13,1,1,1.000
23,5,50.91,92.93,15.69,13.22,1,1,0.000
23,6,46.89,45.25,13.57,15.59,1,1,0.036
23,7,26.33,42.83,15.76,8.83,1,1,1.000
23,8,52.47,59.91,11.18,15.04,1,1,0.000
23,9,26.57,20.78,13.81,13.07,1,1,1.000
23,10,74.13,17.75,13.84,13.72,1,1,0.239
24,1,83.99,94.78,16.43,13.48,1,1,1.000
24,2,73.57,80.73,16.57,14.46,1,1,0.342
24,3,3.61,22.23,15.11,16.10,1,1,1.000
24,4,36.05,91.12,10.52,11.13,1,1,1.000
24,5,52.04,93.18,15.69,13.22,1,1,0.000
24,6,48.42,45.24,13.57,15.59,1,1,0.000
24,7,25.20,43.01,15.76,8.83,1,1,1.000
24,8,53.54,59.24,11.18,15.04,1,1,0.000
24,9,24.52,20.93,13.81,13.07,1,1,1.000
24,10,75.31,17.42,13.84,13.72,1,1,0.342
25,1,82.19,94.71,16.43,13.48,1,1,0.934
25,2,75.18,80.78,16.57,14.46,1,1,0.463
25,3,1.90,21.68,15.11,16.10,1,1,1.000
25,4,35.00,90.93,10.52,11.13,1,1,1.000
25,5,53.19,93.42,15.69,13.22,1,1,0.000
25,6,49.92,45.26,13.57,15.59,1,1,0.000
25,7,24.08,43.13,15.76,8.83,1,1,1.000
25,8,54.60,58.58,11.18,15.04,1,1,0.000
25,9,22.44,21.09,13.81,13.07,1,1,1.000
25,10,76.43,17.15,13.84,13.72,1,1,0.438
26,1,80.45,94.63,16.43,13.48,1,1,0.834
26,2,76.81,80.73,16.57,14.46,1,1,0.582
26,3,0.16,21.11,15.11,16.10,1,1,1.000
26,4,33.90,90.77,10.52,11.13,1,1,1.000
26,5,54.42,93.62,15.69,13.22,1,1,0.000
26,6,51.39,45.28,13.57,15.59,1,1,0.000
26,7,23.02,43.20,15.76,8.83,1,1,1.000
26,8,55.67,58.00,11.18,15.04,1,1,0.000
26,9,20.28,21.21,13.81,13.07,1,1,1.000
26,10,77.53,16.86,13.84,13.72,1,1,0.549
27,1,78.74,94.57,16.43,13.48,1,1,0.723
27,2,78.36,80.71,16.57,14.46,1,1,0.695
27,3,0.00,20.59,13.56,16.10,1,1,1.000
27,4,32.78,90.58,10.52,11.13,1,1,1.000
27,5,55.67,93.85,15.69,13.22,1,1,0.000
27,6,52.88,45.24,13.57,15.59,1,1,0.000
27,7,21.99,43.23,15.76,8.83,1,1,1.000
27,8,56.76,57.35,11.18,15.04,1,1,0.000
27,9,18.15,21.28,13.81,13.07,1,1,1.000
27,10,78.58,16.60,13.84,13.72,1,1,0.640
28,1,77.04,94.48,16.43,13.48,1,1,0.590
28,2,79.97,80.66,16.57,14.46,1,1,0.805
28,3,0.22,20.08,15.11,16.10,1,1,1.000
28,4,31.64,90.40,10.52,11.13,1,1,1.000
28,5,56.90,94.06,15.69,13.22,1,1,0.000
28,6,54.42,45.15,13.57,15.59,1,1,0.000
28,7,20.86,43.32,15.76,8.83,1,1,1.000
28,8,57.94,56.69,11.18,15.04,1,1,0.000
28,9,15.94,21.35,13.81,13.07,1,1,1.000
28,10,79.62,16.33,13.84,13.72,1,1,0.732
29,1,75.29,94.41,16.43,13.48,1,1,0.462
29,2,81.60,80.56,16.57,14.46,1,1,0.914
29,3,2.02,19.65,15.11,16.10,1,1,0.890
29,4,30.50,90.22,10.52,11.13,1,1,1.000
29,5,58.13,94.29,15.69,13.22,1,1,0.000
29,6,55.89,45.07,13.57,15.59,1,1,0.000
29,7,19.71,43.49,15.76,8.83,1,1,1.000
29,8,59.12,56.10,11.18,15.04,1,1,0.000
29,9,13.69,21.44,13.81,13.07,1,1,1.000
29,10,80.67,16.03,13.84,13.72,1,1,0.817
30,1,73.55,94.39,16.43,13.48,1,1,0.329
30,2,83.22,80.39,16.57,14.46,1,1,0.979
30,3,3.82,19.19,15.11,16.10,1,1,0.646
30,4,29.35,90.03,10.52,11.13,1,1,1.000
30,5,59.29,94.46,15.69,13.22,1,1,0.000
30,6,57.38,44.97,13.57,15.59,1,1,0.000
30,7,18.46,43.69,15.76,8.83,1,1,1.000
30,8,60.31,55.47,11.18,15.04,1,1,0.000
30,9,11.38,21.56,13.81,13.07,1,1,1.000
30,10,81.73,15.82,13.84,13.72,1,1,0.896
31,1,71.83,94.39,16.43,13.48,1,1,0.202
31,2,84.84,80.25,16.57,14.46,1,1,1.000
31,3,5.64,18.78,15.11,16.10,1,1,0.383
31,4,28.17,89.83,10.52,11.13,1,1,1.000
31,5,60.43,94.67,15.69,13.22,1,1,0.000
31,6,58.93,44.85,13.57,15.59,1,1,0.000
31,7,17.20,43.91,15.76,8.83,1,1,1.000
31,8,61.49,54.89,11.18,15.04,1,1,0.000
31,9,8.98,21.65,13.81,13.07,1,1,1.000
31,10,82.76,15.52,13.84,13.72,1,1,0.957
32,1,70.07,94.35,16.43,13.48,1,1,0.090
32,2,86.44,80.15,16.57,14.46,1,1,1.000
32,3,7.46,18.33,15.11,16.10,1,1,0.342
32,4,27.00,89.67,10.52,11.13,1,1,1.000
32,5,61.53,94.83,15.69,13.22,1,1,0.000
32,6,60.50,44.72,13.57,15.59,1,1,0.000
32,7,15.96,44.12,15.76,8.83,1,1,1.000
32,8,62.69,54.26,11.18,15.04,1,1,0.000
32,9,6.58,21.73,13.81,13.07,1,1,1.000
32,10,83.75,15.16,13.84,13.72,1,1,1.000
33,1,68.33,94.30,16.43,13.48,1,1,0.018
33,2,88.00,80.06,16.57,14.46,1,1,1.000
33,3,9.32,17.78,15.11,16.10,1,1,0.621
33,4,25.76,89.47,10.52,11.13,1,1,1.000
33,5,62.69,95.01,15.69,13.22,1,1,0.000
33,6,62.10,44.55,13.57,15.59,1,1,0.000
33,7,14.67,44.35,15.76,8.83,1,1,1.000
33,8,63.90,53.66,11.18,15.04,1,1,0.000
33,9,4.18,21.83,13.81,13.07,1,1,1.000
33,10,84.74,14.82,13.84,13.72,1,1,1.000
34,1,66.63,94.18,16.43,13.48,1,1,0.000
34,2,89.48,80.00,16.57,14.46,1,1,1.000
34,3,11.22,17.20,15.11,16.10,1,1,0.870
34,4,24.51,89.28,10.52,11.13,1,1,1.000
34,5,63.88,95.26,15.69,13.22,1,1,0.000
34,6,63.73,44.36,13.57,15.59,1,1,0.000
34,7,13.35,44.58,15.76,8.83,1,1,1.000
34,8,65.10,53.01,11.18,15.04,1,1,0.000
34,9,1.85,21.99,13.81,13.07,1,1,1.000
34,10,85.78,14.45,13.84,13.72,1,1,1.000
35,1,64.96,94.09,16.43,13.48,1,1,0.000
35,2,90.97,79.99,16.57,14.46,1,1,1.000
35,3,13.16,16.64,15.11,16.10,1,1,1.000
35,4,23.28,89.10,10.52,11.13,1,1,1.000
35,5,65.01,95.51,15.69,13.22,1,1,0.000
35,6,65.33,44.12,13.57,15.59,1,1,0.000
35,7,12.10,44.88,15.76,8.83,1,1,1.000
35,8,66.35,52.38,11.18,15.04,1,1,0.000
35,9,0.00,22.15,13.39,13.07,1,1,1.000
35,10,86.82,14.04,13.84,13.72,1,1,1.000
36,1,63.31,94.00,16.43,13.48,1,1,0.000
36,2,92.41,79.98,16.57,14.46,1,1,1.000
36,3,15.09,16.16,15.11,16.10,1,1,1.000
36,4,22.09,88.93,10.52,11.13,1,1,1.000
36,5,66.14,95.77,15.69,13.22,1,1,0.000
36,6,66.92,43.84,13.57,15.59,1,1,0.000
36,7,10.84,45.15,15.76,8.83,1,1,1.000
36,8,67.55,51.77,11.18,15.04,1,1,0.000
36,9,0.00,22.25,12.90,13.07,1,1,1.000
36,10,87.86,13.67,13.84,13.72,1,1,1.000
37,1,61.70,93.95,16.43,13.48,1,1,0.000
37,2,93.85,79.94,16.57,14.46,1,1,1.000
37,3,16.97,15.69,15.11,16.10,1,1,1.000
37,4,20.91,88.81,10.52,11.13,1,1,1.000
37,5,67.32,96.01,15.69,13.22,1,1,0.000
37,6,68.46,43.54,13.57,15.59,1,1,0.000
37,7,9.59,45.41,15.76,8.83,1,1,1.000
37,8,68.73,51.16,11.18,15.04,1,1,0.000
37,9,1.33,22.32,13.81,13.07,1,1,1.000
37,10,88.91,13.28,13.84,13.72,1,1,1.000
38,1,60.11,93.91,16.43,13.48,1,1,0.000
38,2,95.25,79.87,16.57,14.46,1,1,1.000
38,3,18.92,15.17,15.11,16.10,1,1,1.000
38,4,19.66,88.61,10.52,11.13,1,1,1.000
38,5,68.50,96.26,15.69,13.22,1,1,0.000
38,6,70.00,43.29,13.57,15.59,1,1,0.000
38,7,8.24,45.69,15.76,8.83,1,1,1.000
38,8,69.97,50.51,11.18,15.04,1,1,0.000
38,9,3.55,22.35,13.81,13.07,1,1,1.000
38,10,89.93,12.88,13.84,13.72,1,1,1.000
39,1,58.56,93.94,16.43,13.48,1,1,0.000
39,2,96.63,79.89,16.57,14.46,1,1,1.000
39,3,20.86,14.72,15.11,16.10,1,1,1.000
39,4,18.41,88.43,10.52,11.13,1,1,1.000
39,5,69.69,96.64,15.69,13.22,1,1,0.042
39,6,71.58,43.02,13.57,15.59,1,1,0.036
39,7,6.92,45.95,15.76,8.83,1,1,1.000
39,8,71.20,49.90,11.18,15.04,1,1,0.000
39,9,5.77,22.40,13.81,13.07,1,1,1.000
39,10,90.95,12.49,13.84,13.72,1,1,1.000
40,1,57.04,93.90,16.43,13.48,1,1,0.000
40,2,98.04,79.86,16.57,14.46,1,1,1.000
40,3,22.75,14.28,15.11,16.10,1,1,1.000
40,4,17.16,88.21,10.52,11.13,1,1,1.000
40,5,70.92,96.97,15.69,13.22,1,1,0.110
40,6,73.13,42.72,13.57,15.59,1,1,0.145
40,7,5.60,46.22,15.76,8.83,1,1,1.000
40,8,72.38,49.32,11.18,15.04,1,1,0.000
40,9,7.99,22.38,13.81,13.07,1,1,1.000
40,10,91.88,12.10,13.84,13.72,1,1,1.000
41,1,55.50,93.85,16.43,13.48,1,1,0.000
41,2,99.44,79.84,16.57,14.46,1,1,1.000
41,3,24.68,13.78,15.11,16.10,1,1,1.000
41,4,15.92,87.96,10.52,11.13,1,1,1.000
41,5,72.16,97.34,15.69,13.22,1,1,0.196
41,6,74.67,42.32,13.57,15.59,1,1,0.265
41,7,4.21,46.46,15.76,8.83,1,1,1.000
41,8,73.54,48.72,11.18,15.04,1,1,0.000
41,9,10.22,22.34,13.81,13.07,1,1,1.000
41,10,92.86,11.68,13.84,13.72,1,1,1.000
42,1,53.94,93.83,16.43,13.48,1,1,0.000
42,2,100.79,79.84,16.57,14.46,1,1,1.000
42,3,26.61,13.28,15.11,16.10,1,1,1.000
42,4,14.74,87.68,10.52,11.13,1,1,1.000
42,5,73.48,97.70,15.69,13.22,1,1,0.294
42,6,76.16,41.92,13.57,15.59,1,1,0.404
42,7,2.78,46.67,15.76,8.83,1,1,1.000
42,8,74.71,48.14,11.18,15.04,1,1,0.008
42,9,12.42,22.34,13.81,13.07,1,1,1.000
42,10,93.89,11.32,13.84,13.72,1,1,1.000
43,1,52.39,93.85,16.43,13.48,1,1,0.000
43,2,102.06,79.83,16.57,14.46,1,1,1.000
43,3,28.50,12.79,15.11,16.10,1,1,1.000
43,4,13.54,87.40,10.52,11.13,1,1,1.000
43,5,74.88,98.06,15.69,13.22,1,1,0.396
43,6,77.67,41.52,13.57,15.59,1,1,0.545
43,7,1.35,46.88,15.76,8.83,1,1,1.000
43,8,75.90,47.61,11.18,15.04,1,1,0.017
43,9,14.68,22.35,13.81,13.07,1,1,1.000
43,10,94.94,10.92,13.84,13.72,1,1,1.000
44,1,50.84,93.92,16.43,13.48,1,1,0.000
44,2,103.37,79.82,16.57,14.46,1,1,1.000
44,3,30.43,12.31,15.11,16.10,1,1,1.000
44,4,12.39,87.13,10.52,11.13,1,1,1.000
44,5,76.26,98.43,15.69,13.22,1,1,0.514
44,6,79.05,41.13,13.57,15.59,1,1,0.676
44,7,0.00,47.03,15.53,8.83,1,1,1.000
44,8,77.11,47.10,11.18,15.04,1,1,0.042
44,9,16.90,22.33,13.81,13.07,1,1,1.000
44,10,96.05,10.49,13.84,13.72,1,1,1.000
45,1,49.38,93.98,16.43,13.48,1,1,0.000
45,2,104.69,79.88,16.57,14.46,1,1,1.000
45,3,32.37,11.80,15.11,16.10,1,1,1.000
45,4,11.23,86.86,10.52,11.13,1,1,1.000
45,5,77.59,98.79,15.69,13.22,1,1,0.622
45,6,80.41,40.77,13.57,15.59,1,1,0.784
45,7,0.00,47.16,13.96,8.83,1,1,1.000
45,8,78.32,46.59,11.18,15.04,1,1,0.104
45,9,19.14,22.28,13.81,13.07,1,1,1.000
45,10,97.11,10.11,13.84,13.72,1,1,1.000
46,1,47.90,93.99,16.43,13.48,1,1,0.000
46,2,106.03,79.96,16.57,14.46,1,1,1.000
46,3,34.24,11.29,15.11,16.10,1,1,0.963
46,4,10.11,86.61,10.52,11.13,1,1,1.000
46,5,78.94,99.10,15.69,13.22,1,1,0.715
46,6,81.78,40.41,13.57,15.59,1,1,0.902
46,7,0.00,47.32,13.88,8.83,1,1,1.000
46,8,79.59,46.16,11.18,15.04,1,1,0.153
46,9,21.44,22.22,13.81,13.07,1,1,1.000
46,10,98.19,9.76,13.84,13.72,1,1,1.000
47,1,46.43,94.00,16.43,13.48,1,1,0.042
47,2,107.40,80.03,16.57,14.46,1,1,1.000
47,3,36.09,10.77,15.11,16.10,1,1,0.847
47,4,9.00,86.35,10.52,11.13,1,1,1.000
47,5,80.31,99.43,15.69,13.22,1,1,0.821
47,6,83.14,40.07,13.57,15.59,1,1,0.970
47,7,0.00,47.44,15.49,8.83,1,1,1.000
47,8,80.91,45.71,11.18,15.04,1,1,0.244
47,9,23.67,22.11,13.81,13.07,1,1,1.000
47,10,99.22,9.42,13.84,13.72,1,1,1.000
48,1,44.94,94.00,16.43,13.48,1,1,0.137
48,2,108.80,80.12,16.57,14.46,1,1,1.000
48,3,37.94,10.27,15.11,16.10,1,1,0.708
48,4,7.92,86.01,10.52,11.13,1,1,1.000
48,5,81.66,99.67,15.69,13.22,1,1,0.909
48,6,84.50,39.74,13.57,15.59,1,1,1.000
48,7,1.38,47.60,15.76,8.83,1,1,1.000
48,8,82.24,45.24,11.18,15.04,1,1,0.358
48,9,25.92,21.99,13.81,13.07,1,1,1.000
48,10,100.26,9.11,13.84,13.72,1,1,1.000
49,1,43.44,94.03,16.43,13.48,1,1,0.216
49,2,110.22,80.17,16.57,14.46,1,1,1.000
49,3,39.84,9.79,15.11,16.10,1,1,0.551
49,4,6.85,85.64,10.52,11.13,1,1,1.000
49,5,82.97,99.90,15.69,13.22,1,1,0.966
49,6,85.88,39.36,13.57,15.59,1,1,1.000
49,7,3.05,47.72,15.76,8.83,1,1,1.000
49,8,83.56,44.77,11.18,15.04,1,1,0.458
49,9,28.26,21.81,13.81,13.07,1,1,1.000
49,10,101.36,8.80,13.84,13.72,1,1,1.000
50,1,41.95,94.07,16.43,13.48,1,1,0.339
50,2,111.66,80.22,16.34,14.46,1,1,1.000
50,3,41.80,9.29,15.11,16.10,1,1,0.384
50,4,5.82,85.24,10.52,11.13,1,1,1.000
50,5,84.29,100.08,15.69,13.22,1,1,1.000
50,6,87.27,39.05,13.57,15.59,1,1,1.000
50,7,4.71,47.82,15.76,8.83,1,1,1.000
50,8,84.84,44.29,11.18,15.04,1,1,0.462
50,9,30.55,21.60,13.81,13.07,1,1,1.000
50,10,102.46,8.56,13.84,13.72,1,1,1.000
51,1,40.57,94.08,16.43,13.48,1,1,0.434
51,2,113.16,80.27,14.84,14.46,1,1,1.000
51,3,43.75,8.81,15.11,16.10,1,1,0.232
51,4,4.80,84.85,10.52,11.13,1,1,1.000
51,5,85.59,100.20,15.69,13.22,1,1,1.000
51,6,88.61,38.76,13.57,15.59,1,1,1.000
51,7,6.36,47.90,15.76,8.83,1,1,1.000
51,8,86.12,43.85,11.18,15.04,1,1,0.455
51,9,32.84,21.36,13.81,13.07,1,1,1.000
51,10,103.61,8.37,13.84,13.72,1,1,1.000
52,1,39.21,94.14,16.43,13.48,1,1,0.541
52,2,113.72,80.37,14.28,14.46,1,1,1.000
52,3,45.72,8.36,15.11,16.10,1,1,0.095
52,4,3.79,84.41,10.52,11.13,1,1,1.000
52,5,86.92,100.27,15.69,13.22,1,1,1.000
52,6,89.91,38.52,13.57,15.59,1,1,1.000
52,7,8.05,48.05,15.76,8.83,1,1,1.000
52,8,87.39,43.36,11.18,15.04,1,1,0.424
52,9,35.12,21.12,13.81,13.07,1,1,0.965
52,10,104.77,8.23,13.84,13.72,1,1,1.000
53,1,37.84,94.20,16.43,13.48,1,1,0.657
53,2,112.13,80.49,15.87,14.46,1,1,1.000
53,3,47.69,7.87,15.11,16.10,1,1,0.000
53,4,2.78,83.97,10.52,11.13,1,1,1.000
53,5,88.23,100.41,15.69,13.22,1,1,1.000
53,6,91.21,38.27,13.57,15.59,1,1,1.000
53,7,9.65,48.15,15.76,8.83,1,1,1.000
53,8,88.65,42.84,11.18,15.04,1,1,0.403
53,9,37.45,20.88,13.81,13.07,1,1,0.827
53,10,105.98,8.09,13.84,13.72,1,1,1.000
54,1,36.47,94.27,16.43,13.48,1,1,0.753
54,2,110.54,80.68,16.57,14.46,1,1,1.000
54,3,49.57,7.31,15.11,16.10,1,1,0.000
54,4,1.74,83.53,10.52,11.13,1,1,1.000
54,5,89.58,100.57,15.69,13.22,1,1,1.000
54,6,92.50,38.07,13.57,15.59,1,1,1.000
54,7,11.29,48.26,15.76,8.83,1,1,1.000
54,8,89.94,42.34,11.18,15.04,1,1,0.415
54,9,39.77,20.66,13.81,13.07,1,1,0.619
54,10,107.19,7.95,13.84,13.72,1,1,1.000
55,1,35.16,94.23,16.43,13.48,1,1,0.836
55,2,108.89,80.81,16.57,14.46,1,1,1.000
55,3,51.44,6.73,15.11,16.10,1,1,0.000
55,4,0.74,83.05,10.52,11.13,1,1,1.000
55,5,90.88,100.83,15.69,13.22,1,1,1.000
55,6,93.85,37.84,13.57,15.59,1,1,1.000
55,7,12.92,48.33,15.76,8.83,1,1,1.000
55,8,91.16,41.82,11.18,15.04,1,1,0.413
55,9,42.04,20.44,13.81,13.07,1,1,0.421
55,10,108.34,7.78,13.84,13.72,1,1,1.000
56,1,33.86,94.21,16.43,13.48,1,1,0.923
56,2,107.26,80.90,16.57,14.46,1,1,1.000
56,3,53.34,6.13,15.11,16.10,1,1,0.000
56,4,1.86,82.56,10.52,11.13,1,1,1.000
56,5,92.14,101.07,15.69,13.22,1,1,1.000
56,6,95.23,37.65,13.57,15.59,1,1,1.000
56,7,14.55,48.46,15.76,8.83,1,1,1.000
56,8,92.42,41.30,11.18,15.04,1,1,0.370
56,9,44.34,20.30,13.81,13.07,1,1,0.209
56,10,109.57,7.57,13.84,13.72,1,1,1.000
57,1,32.51,94.25,16.43,13.48,1,1,0.976
57,2,105.59,80.93,16.57,14.46,1,1,1.000
57,3,55.22,5.54,15.11,16.10,1,1,0.000
57,4,2.98,82.05,10.52,11.13,1,1,1.000
57,5,93.37,101.29,15.69,13.22,1,1,1.000
57,6,96.56,37.54,13.57,15.59,1,1,1.000
57,7,16.18,48.62,15.76,8.83,1,1,1.000
57,8,93.66,40.77,11.18,15.04,1,1,0.383
57,9,46.62,20.05,13.81,13.07,1,1,0.043
57,10,110.74,7.27,13.84,13.72,1,1,1.000
58,1,31.08,94.24,16.43,13.48,1,1,1.000
58,2,103.97,80.96,16.57,14.46,1,1,1.000
58,3,57.16,4.96,15.11,16.10,1,1,0.000
58,4,4.12,81.51,10.52,11.13,1,1,1.000
58,5,94.61,101.53,15.69,13.22,1,1,1.000
58,6,97.88,37.45,13.57,15.59,1,1,1.000
58,7,17.84,48.77,15.76,8.83,1,1,1.000
58,8,94.86,40.20,11.18,15.04,1,1,0.375
58,9,48.90,19.82,13.81,13.07,1,1,0.000
58,10,111.88,6.99,13.84,13.72,1,1,1.000
59,1,29.67,94.25,16.43,13.48,1,1,1.000
59,2,102.42,81.05,16.57,14.46,1,1,1.000
59,3,59.05,4.46,15.11,16.10,1,1,0.000
59,4,5.25,81.01,10.52,11.13,1,1,1.000
59,5,95.87,101.76,15.69,13.22,1,1,1.000
59,6,99.12,37.36,13.57,15.59,1,1,1.000
59,7,19.44,48.95,15.76,8.83,1,1,1.000
59,8,96.12,39.59,11.18,15.04,1,1,0.345
59,9,51.19,19.55,13.81,13.07,1,1,0.000
59,10,113.00,6.73,13.84,13.72,1,1,1.000
60,1,28.26,94.34,16.43,13.48,1,1,1.000
60,2,100.84,81.17,16.57,14.46,1,1,1.000
60,3,60.94,3.98,15.11,16.10,1,1,0.000
60,4,6.35,80.51,10.52,11.13,1,1,1.000
60,5,97.11,101.96,15.69,13.22,1,1,1.000
60,6,100.38,37.30,13.57,15.59,1,1,1.000
60,7,21.05,49.19,15.76,8.83,1,1,1.000
60,8,97.43,38.96,11.18,15.04,1,1,0.322
60,9,53.49,19.27,13.81,13.07,1,1,0.000
60,10,114.11,6.45,13.84,13.72,1,1,1.000
