1,-1,21.25,90.73,15.89,12.77,0.9208,-1,-1,-1
1,-1,29.45,77.37,11.20,14.81,0.8523,-1,-1,-1
1,-1,106.30,93.45,16.09,13.61,0.8492,-1,-1,-1
1,-1,36.63,78.17,15.72,14.44,0.8291,-1,-1,-1
1,-1,17.35,44.89,13.63,15.20,0.8022,-1,-1,-1
1,-1,74.61,18.85,13.96,13.49,0.6982,-1,-1,-1
2,-1,24.27,90.75,15.23,13.24,1.0000,-1,-1,-1
2,-1,108.80,92.68,15.41,13.79,0.9837,-1,-1,-1
2,-1,30.02,76.16,11.04,15.18,0.9735,-1,-1,-1
2,-1,18.92,45.03,13.59,15.72,0.9110,-1,-1,-1
2,-1,40.38,36.22,15.86,15.45,0.8256,-1,-1,-1
2,-1,39.30,79.66,16.70,13.44,0.8124,-1,-1,-1
3,-1,109.36,93.77,16.85,13.24,0.9664,-1,-1,-1
3,-1,18.50,44.21,14.57,16.18,0.9457,-1,-1,-1
3,-1,31.13,74.11,10.73,15.41,0.9029,-1,-1,-1
3,-1,25.31,90.78,16.27,12.38,0.9029,-1,-1,-1
3,-1,39.29,35.70,15.40,15.84,0.7738,-1,-1,-1
4,-1,28.33,90.89,15.39,12.16,1.0000,-1,-1,-1
4,-1,37.70,34.22,15.51,16.38,0.7916,-1,-1,-1
4,-1,110.42,80.23,13.05,16.24,0.0672,-1,-1,-1
5,-1,27.16,91.23,16.74,12.83,0.9910,-1,-1,-1
5,-1,112.73,93.12,15.27,13.77,0.9539,-1,-1,-1
5,-1,33.58,74.00,11.18,14.44,0.9252,-1,-1,-1
5,-1,21.54,45.37,13.81,15.12,0.9128,-1,-1,-1
5,-1,36.34,32.19,14.64,16.83,0.9070,-1,-1,-1
6,-1,34.19,71.15,11.38,14.56,0.9922,-1,-1,-1
6,-1,29.58,90.18,15.38,13.13,0.9715,-1,-1,-1
6,-1,23.95,44.20,12.85,15.61,0.9412,-1,-1,-1
6,-1,34.59,33.75,13.53,16.76,0.9218,-1,-1,-1
6,-1,113.24,92.77,13.64,13.44,0.8790,-1,-1,-1
6,-1,26.97,84.16,14.62,18.99,0.4642,-1,-1,-1
7,-1,111.83,93.75,15.77,13.92,1.0000,-1,-1,-1
7,-1,36.09,69.60,11.48,15.54,0.9592,-1,-1,-1
7,-1,24.58,45.21,14.26,14.61,0.9506,-1,-1,-1
7,-1,32.87,32.37,15.21,15.79,0.8092,-1,-1,-1
8,-1,31.68,91.74,16.03,12.07,1.0000,-1,-1,-1
8,-1,25.25,45.08,13.08,15.92,1.0000,-1,-1,-1
8,-1,36.48,70.44,11.41,15.33,1.0000,-1,-1,-1
9,-1,108.80,93.86,16.39,13.18,1.0000,-1,-1,-1
9,-1,27.55,44.02,12.81,16.29,0.8976,-1,-1,-1
9,-1,33.22,90.87,16.01,13.80,0.8429,-1,-1,-1
9,-1,30.56,30.22,14.43,16.68,0.7760,-1,-1,-1
9,-1,28.93,27.91,12.89,15.71,0.6208,-1,-1,-1
10,-1,27.93,43.61,14.72,17.18,1.0000,-1,-1,-1
10,-1,27.61,29.34,15.32,16.28,0.9973,-1,-1,-1
10,-1,38.17,68.76,11.64,16.32,0.9537,-1,-1,-1
10,-1,34.67,90.72,15.74,13.48,0.9291,-1,-1,-1
10,-1,26.63,46.65,13.27,13.45,0.8000,-1,-1,-1
10,-1,30.59,31.51,15.81,15.57,0.7979,-1,-1,-1
10,-1,107.01,93.58,17.04,13.24,0.7699,-1,-1,-1
11,-1,25.73,29.72,15.16,16.25,1.0000,-1,-1,-1
11,-1,105.84,94.69,15.64,13.23,0.9677,-1,-1,-1
11,-1,30.60,45.43,12.96,15.52,0.9091,-1,-1,-1
11,-1,34.43,91.58,15.91,13.43,0.8978,-1,-1,-1
11,-1,39.04,68.03,11.90,14.88,0.7687,-1,-1,-1
11,-1,41.90,39.73,15.47,8.35,0.6957,-1,-1,-1
11,-1,0.85,50.82,15.62,20.78,0.3267,-1,-1,-1
12,-1,30.00,45.89,13.62,14.84,0.9021,-1,-1,-1
12,-1,24.41,30.23,14.99,14.32,0.8641,-1,-1,-1
12,-1,40.37,68.25,10.56,14.51,0.8444,-1,-1,-1
12,-1,103.83,93.41,17.13,13.39,0.8428,-1,-1,-1
12,-1,37.30,91.53,15.98,13.96,0.7525,-1,-1,-1
12,-1,40.71,39.98,15.03,8.90,0.7435,-1,-1,-1
12,-1,112.09,82.52,9.31,11.94,0.3380,-1,-1,-1
12,-1,25.34,50.05,9.76,12.41,0.2060,-1,-1,-1
13,-1,102.58,93.68,16.60,13.82,0.9850,-1,-1,-1
13,-1,32.90,46.47,13.46,15.01,0.9531,-1,-1,-1
13,-1,22.19,28.38,14.97,16.52,0.8636,-1,-1,-1
13,-1,38.41,92.36,15.91,13.70,0.8249,-1,-1,-1
13,-1,38.26,40.16,15.47,9.27,0.7782,-1,-1,-1
13,-1,41.19,66.21,11.34,14.74,0.6907,-1,-1,-1
14,-1,20.44,27.75,15.34,15.57,1.0000,-1,-1,-1
14,-1,32.96,45.03,14.15,15.24,0.9744,-1,-1,-1
14,-1,100.96,93.66,15.49,13.82,0.9155,-1,-1,-1
14,-1,37.84,41.13,15.94,8.62,0.7912,-1,-1,-1
14,-1,42.25,65.65,11.88,15.76,0.6464,-1,-1,-1
15,-1,19.23,27.73,14.39,15.99,1.0000,-1,-1,-1
15,-1,34.35,45.17,14.07,15.56,0.9699,-1,-1,-1
15,-1,98.67,93.82,17.32,13.49,0.9013,-1,-1,-1
15,-1,35.76,41.22,16.48,8.89,0.7694,-1,-1,-1
15,-1,41.31,91.27,15.78,13.88,0.7602,-1,-1,-1
16,-1,99.11,94.67,15.43,13.04,1.0000,-1,-1,-1
16,-1,16.45,25.37,15.49,17.40,0.9490,-1,-1,-1
16,-1,35.82,45.65,13.50,15.68,0.8871,-1,-1,-1
16,-1,41.55,20.12,14.88,12.34,0.8413,-1,-1,-1
16,-1,34.20,41.05,15.77,8.99,0.6981,-1,-1,-1
16,-1,45.52,18.60,13.81,13.64,0.6731,-1,-1,-1
16,-1,50.36,15.65,11.77,15.64,0.4339,-1,-1,-1
17,-1,14.74,25.71,15.29,15.55,0.9594,-1,-1,-1
17,-1,95.53,93.98,17.61,13.45,0.9277,-1,-1,-1
17,-1,32.57,42.36,17.38,8.99,0.8278,-1,-1,-1
17,-1,36.90,46.30,13.86,16.32,0.7676,-1,-1,-1
17,-1,38.66,19.49,13.27,13.02,0.7014,-1,-1,-1
17,-1,57.99,52.19,12.03,9.52,0.2285,-1,-1,-1
18,-1,13.36,26.55,15.53,15.65,0.9536,-1,-1,-1
18,-1,36.55,19.12,13.79,14.11,0.8925,-1,-1,-1
18,-1,95.17,95.52,14.31,13.39,0.8505,-1,-1,-1
18,-1,41.70,93.33,10.82,10.33,0.6915,-1,-1,-1
18,-1,90.48,87.50,13.11,9.60,0.5690,-1,-1,-1
18,-1,66.06,5.98,13.41,6.39,0.2385,-1,-1,-1
19,-1,12.11,24.90,14.93,15.95,1.0000,-1,-1,-1
19,-1,92.02,95.60,17.62,13.22,0.9022,-1,-1,-1
19,-1,36.13,19.74,12.66,12.92,0.8531,-1,-1,-1
19,-1,41.57,92.73,9.91,10.24,0.8458,-1,-1,-1
19,-1,40.58,46.05,13.53,15.40,0.7116,-1,-1,-1
20,-1,91.72,94.76,16.03,12.51,0.9489,-1,-1,-1
20,-1,32.82,20.75,14.04,14.04,0.8790,-1,-1,-1
20,-1,31.10,41.62,15.01,8.94,0.8644,-1,-1,-1
20,-1,9.70,23.61,16.22,16.49,0.8261,-1,-1,-1
20,-1,40.34,92.33,10.43,11.69,0.8195,-1,-1,-1
20,-1,13.18,20.79,13.65,13.59,0.6609,-1,-1,-1
21,-1,89.68,94.46,16.67,13.01,1.0000,-1,-1,-1
21,-1,31.76,20.33,13.50,12.77,1.0000,-1,-1,-1
21,-1,8.80,24.03,15.19,16.07,0.8074,-1,-1,-1
22,-1,7.35,22.52,14.50,15.69,1.0000,-1,-1,-1
22,-1,28.75,19.94,13.94,13.76,0.9469,-1,-1,-1
22,-1,37.77,91.68,10.56,11.22,0.8872,-1,-1,-1
22,-1,87.07,95.33,16.19,12.88,0.8854,-1,-1,-1
23,-1,25.56,42.82,15.61,8.89,1.0000,-1,-1,-1
23,-1,26.18,21.37,13.85,13.20,1.0000,-1,-1,-1
23,-1,4.90,23.42,15.50,16.60,0.9622,-1,-1,-1
23,-1,86.67,94.09,14.64,13.72,0.9577,-1,-1,-1
23,-1,36.86,91.52,10.23,10.87,0.8719,-1,-1,-1
24,-1,35.67,90.47,11.08,10.73,1.0000,-1,-1,-1
24,-1,25.02,42.67,15.82,8.53,1.0000,-1,-1,-1
24,-1,84.41,95.46,16.22,13.30,0.9840,-1,-1,-1
24,-1,25.01,22.02,13.83,12.58,0.7800,-1,-1,-1
25,-1,23.11,21.68,13.92,13.23,1.0000,-1,-1,-1
25,-1,35.51,91.16,10.34,11.35,0.9560,-1,-1,-1
25,-1,81.92,94.37,15.99,13.39,0.9541,-1,-1,-1
25,-1,24.99,43.57,14.74,8.84,0.9315,-1,-1,-1
25,-1,2.09,22.06,15.17,15.87,0.8546,-1,-1,-1
25,-1,73.73,81.69,17.03,14.07,0.7573,-1,-1,-1
25,-1,76.32,17.49,13.53,14.40,0.6446,-1,-1,-1
26,-1,19.10,22.09,14.29,13.39,1.0000,-1,-1,-1
26,-1,0.00,21.29,15.43,16.95,0.9785,-1,-1,-1
26,-1,82.28,95.19,14.95,13.16,0.9258,-1,-1,-1
26,-1,35.16,91.19,10.57,11.72,0.8777,-1,-1,-1
26,-1,76.57,81.53,16.23,14.01,0.7715,-1,-1,-1
26,-1,78.33,17.32,13.08,13.48,0.7543,-1,-1,-1
27,-1,32.67,90.06,10.34,11.15,1.0000,-1,-1,-1
27,-1,22.60,43.36,14.96,8.61,0.9633,-1,-1,-1
27,-1,17.98,21.20,14.07,14.09,0.9584,-1,-1,-1
27,-1,78.63,94.37,16.50,13.00,0.8822,-1,-1,-1
27,-1,0.00,20.78,14.38,15.72,0.7575,-1,-1,-1
27,-1,79.39,15.49,12.95,14.35,0.7219,-1,-1,-1
27,-1,78.29,80.11,18.03,14.07,0.7100,-1,-1,-1
28,-1,31.32,90.24,10.94,11.17,1.0000,-1,-1,-1
28,-1,16.90,20.49,13.85,13.59,1.0000,-1,-1,-1
28,-1,0.38,19.89,15.44,16.39,0.9693,-1,-1,-1
28,-1,20.47,43.58,15.55,8.75,0.9269,-1,-1,-1
28,-1,79.55,80.47,15.50,15.28,0.8079,-1,-1,-1
28,-1,78.96,15.25,14.03,14.50,0.7957,-1,-1,-1
28,-1,77.30,94.60,17.29,13.37,0.7325,-1,-1,-1
28,-1,28.55,1.16,16.68,10.51,0.2880,-1,-1,-1
29,-1,30.39,90.26,10.10,10.88,1.0000,-1,-1,-1
29,-1,14.37,21.71,14.28,13.29,1.0000,-1,-1,-1
29,-1,20.14,43.50,15.94,9.37,0.9590,-1,-1,-1
29,-1,2.71,20.14,15.01,15.24,0.9414,-1,-1,-1
29,-1,83.15,80.68,15.86,14.20,0.9260,-1,-1,-1
29,-1,80.21,16.68,14.69,14.03,0.8530,-1,-1,-1
29,-1,75.18,94.98,17.20,13.40,0.8062,-1,-1,-1
29,-1,79.66,90.46,12.96,15.95,0.6450,-1,-1,-1
30,-1,83.70,80.07,16.37,15.14,1.0000,-1,-1,-1
30,-1,11.45,20.99,13.99,13.45,0.8742,-1,-1,-1
30,-1,29.91,89.20,10.60,11.14,0.8715,-1,-1,-1
30,-1,81.90,16.24,13.01,13.75,0.8421,-1,-1,-1
30,-1,3.92,17.42,14.68,16.82,0.8088,-1,-1,-1
30,-1,18.76,44.14,16.06,8.82,0.7927,-1,-1,-1
30,-1,82.90,14.39,14.95,12.92,0.6737,-1,-1,-1
30,-1,54.45,53.08,10.70,15.46,0.5719,-1,-1,-1
31,-1,9.74,21.51,13.54,13.16,1.0000,-1,-1,-1
31,-1,17.73,43.72,15.44,9.23,0.9205,-1,-1,-1
31,-1,27.24,90.44,10.54,11.68,0.8396,-1,-1,-1
31,-1,4.97,18.97,16.69,16.16,0.7012,-1,-1,-1
32,-1,27.16,89.23,10.30,11.67,1.0000,-1,-1,-1
32,-1,15.42,44.42,16.11,8.92,0.9932,-1,-1,-1
32,-1,83.71,13.73,14.09,13.89,0.9444,-1,-1,-1
32,-1,86.79,78.98,16.89,14.10,0.8365,-1,-1,-1
32,-1,44.82,21.02,14.02,7.99,0.2596,-1,-1,-1
33,-1,88.19,79.39,17.20,14.90,1.0000,-1,-1,-1
33,-1,84.28,14.32,14.06,13.86,0.9635,-1,-1,-1
33,-1,4.41,22.65,13.94,11.99,0.9524,-1,-1,-1
33,-1,14.13,44.25,15.46,8.79,0.9413,-1,-1,-1
33,-1,26.04,89.73,9.93,10.80,0.8260,-1,-1,-1
34,-1,88.35,80.72,17.89,13.26,1.0000,-1,-1,-1
34,-1,24.42,88.68,10.86,11.14,1.0000,-1,-1,-1
34,-1,1.10,21.81,14.61,13.12,0.9772,-1,-1,-1
34,-1,85.02,14.13,13.31,13.97,0.9586,-1,-1,-1
34,-1,11.18,17.65,15.87,16.20,0.9159,-1,-1,-1
34,-1,13.32,44.40,16.43,8.87,0.8380,-1,-1,-1
34,-1,102.36,86.63,18.19,13.64,0.2135,-1,-1,-1
35,-1,91.23,80.95,15.52,14.11,1.0000,-1,-1,-1
35,-1,23.73,88.85,9.54,10.93,0.9805,-1,-1,-1
35,-1,13.29,44.58,14.88,8.54,0.9730,-1,-1,-1
35,-1,86.47,13.72,14.40,13.99,0.9223,-1,-1,-1
35,-1,12.83,16.57,15.45,15.71,0.9153,-1,-1,-1
35,-1,85.05,40.29,14.34,13.36,0.4813,-1,-1,-1
35,-1,30.47,70.41,18.64,16.42,0.2357,-1,-1,-1
36,-1,12.07,44.05,16.57,9.19,0.9753,-1,-1,-1
36,-1,92.85,80.41,16.50,13.08,0.9555,-1,-1,-1
36,-1,21.37,88.56,10.90,10.81,0.9334,-1,-1,-1
36,-1,0.34,21.97,12.74,12.86,0.9278,-1,-1,-1
36,-1,15.45,15.99,14.91,15.79,0.9059,-1,-1,-1
37,-1,16.52,15.79,15.14,15.77,1.0000,-1,-1,-1
37,-1,20.40,89.25,10.57,10.38,0.9607,-1,-1,-1
37,-1,1.83,23.06,14.61,12.62,0.9370,-1,-1,-1
37,-1,9.71,45.61,14.80,8.77,0.9185,-1,-1,-1
37,-1,94.26,79.60,17.17,15.03,0.9099,-1,-1,-1
37,-1,88.37,13.43,14.98,12.79,0.8140,-1,-1,-1
37,-1,1.09,20.57,12.27,11.56,0.7496,-1,-1,-1
37,-1,0.66,94.03,18.62,15.38,0.6155,-1,-1,-1
38,-1,8.81,44.97,14.43,8.78,0.9999,-1,-1,-1
38,-1,94.10,79.77,16.36,14.30,0.9766,-1,-1,-1
38,-1,4.34,22.55,14.13,12.62,0.9702,-1,-1,-1
38,-1,89.49,12.81,13.80,13.72,0.8936,-1,-1,-1
38,-1,19.34,88.88,10.40,11.10,0.8795,-1,-1,-1
38,-1,20.80,15.36,13.64,16.59,0.8723,-1,-1,-1
38,-1,21.91,89.78,10.60,10.76,0.7036,-1,-1,-1
39,-1,18.42,88.45,10.13,10.86,0.9820,-1,-1,-1
39,-1,6.28,46.29,16.03,8.71,0.9566,-1,-1,-1
39,-1,5.74,21.81,13.20,13.77,0.9456,-1,-1,-1
39,-1,96.04,78.94,16.89,15.24,0.9154,-1,-1,-1
39,-1,90.41,13.91,13.84,13.60,0.8811,-1,-1,-1
39,-1,18.55,86.12,11.51,9.44,0.7856,-1,-1,-1
40,-1,17.20,87.50,10.80,11.57,1.0000,-1,-1,-1
40,-1,91.12,12.45,14.26,12.90,1.0000,-1,-1,-1
40,-1,5.11,46.12,15.98,8.74,0.9615,-1,-1,-1
40,-1,22.59,14.17,14.95,15.97,0.9506,-1,-1,-1
40,-1,98.34,78.93,16.30,13.56,0.8957,-1,-1,-1
41,-1,25.37,13.12,15.39,16.47,1.0000,-1,-1,-1
41,-1,10.04,22.17,13.69,13.44,1.0000,-1,-1,-1
41,-1,98.85,79.11,16.64,14.91,0.9415,-1,-1,-1
41,-1,15.77,88.27,10.55,10.73,0.9289,-1,-1,-1
41,-1,5.12,45.89,16.03,8.83,0.8524,-1,-1,-1
42,-1,15.23,87.71,10.71,10.80,1.0000,-1,-1,-1
42,-1,94.89,11.80,13.77,13.15,1.0000,-1,-1,-1
42,-1,11.81,21.47,14.10,12.74,0.9725,-1,-1,-1
42,-1,26.76,13.92,14.64,16.40,0.9320,-1,-1,-1
42,-1,2.39,46.53,15.41,9.25,0.8764,-1,-1,-1
42,-1,17.71,88.99,9.63,11.79,0.8000,-1,-1,-1
42,-1,77.21,42.83,13.63,15.68,0.7150,-1,-1,-1
43,-1,102.32,80.04,16.65,13.92,1.0000,-1,-1,-1
43,-1,13.30,87.68,10.68,11.42,1.0000,-1,-1,-1
43,-1,14.62,22.04,14.51,13.93,1.0000,-1,-1,-1
43,-1,28.51,12.21,15.95,16.16,0.9570,-1,-1,-1
43,-1,95.45,11.47,12.65,13.35,0.9516,-1,-1,-1
43,-1,1.87,46.04,15.24,9.43,0.8539,-1,-1,-1
43,-1,74.98,97.64,14.51,14.19,0.8247,-1,-1,-1
44,-1,0.49,47.20,15.11,8.38,1.0000,-1,-1,-1
44,-1,13.32,87.04,10.15,11.19,0.9975,-1,-1,-1
44,-1,17.28,23.08,13.20,12.48,0.9793,-1,-1,-1
44,-1,30.14,11.68,14.62,16.24,0.9743,-1,-1,-1
44,-1,78.42,40.98,14.23,15.19,0.9468,-1,-1,-1
44,-1,104.50,79.63,15.77,14.63,0.7818,-1,-1,-1
44,-1,77.32,99.42,15.22,12.88,0.6518,-1,-1,-1
44,-1,97.18,47.04,14.73,12.48,0.3134,-1,-1,-1
45,-1,0.00,47.38,14.50,8.75,1.0000,-1,-1,-1
45,-1,80.82,41.36,13.72,15.32,0.9146,-1,-1,-1
45,-1,105.27,79.20,16.23,14.74,0.8914,-1,-1,-1
45,-1,32.61,12.10,14.64,15.28,0.8527,-1,-1,-1
45,-1,97.58,10.56,13.57,13.98,0.8144,-1,-1,-1
45,-1,78.88,99.43,15.18,12.97,0.7557,-1,-1,-1
46,-1,105.75,80.47,16.46,14.81,1.0000,-1,-1,-1
46,-1,34.50,11.55,14.83,16.03,1.0000,-1,-1,-1
46,-1,21.06,21.75,13.58,12.79,1.0000,-1,-1,-1
46,-1,82.71,41.01,13.40,14.12,0.9971,-1,-1,-1
46,-1,97.09,9.76,14.38,13.72,0.9903,-1,-1,-1
46,-1,78.77,99.17,16.20,13.13,0.9364,-1,-1,-1
46,-1,0.00,47.39,13.57,8.94,0.8949,-1,-1,-1
46,-1,10.28,86.24,11.01,11.21,0.8819,-1,-1,-1
46,-1,10.21,7.69,13.81,11.41,0.2773,-1,-1,-1
47,-1,0.00,47.28,15.11,8.87,0.9807,-1,-1,-1
47,-1,83.73,39.97,12.99,15.80,0.9423,-1,-1,-1
47,-1,36.50,11.12,14.61,16.13,0.9263,-1,-1,-1
47,-1,98.49,9.17,14.21,14.31,0.9089,-1,-1,-1
47,-1,9.26,86.28,10.06,11.51,0.8948,-1,-1,-1
47,-1,23.29,22.16,14.08,12.29,0.8934,-1,-1,-1
47,-1,106.96,78.97,16.17,14.82,0.8625,-1,-1,-1
47,-1,79.80,99.33,16.27,13.46,0.7962,-1,-1,-1
47,-1,0.65,108.05,15.12,13.22,0.2668,-1,-1,-1
48,-1,82.19,100.16,15.60,13.55,0.9948,-1,-1,-1
48,-1,38.50,11.20,14.58,15.56,0.9480,-1,-1,-1
48,-1,83.42,38.93,13.89,15.54,0.9194,-1,-1,-1
48,-1,108.65,79.32,16.16,15.06,0.9040,-1,-1,-1
48,-1,101.85,8.99,14.17,13.05,0.8669,-1,-1,-1
48,-1,2.19,47.33,15.73,9.20,0.8651,-1,-1,-1
48,-1,8.85,86.67,9.92,10.86,0.8214,-1,-1,-1
48,-1,82.68,45.03,11.57,15.16,0.6826,-1,-1,-1
48,-1,25.69,57.46,11.78,15.68,0.6797,-1,-1,-1
49,-1,109.63,80.38,16.86,14.75,1.0000,-1,-1,-1
49,-1,5.15,48.61,15.08,8.45,1.0000,-1,-1,-1
49,-1,86.94,38.77,12.36,16.63,0.9680,-1,-1,-1
49,-1,101.15,8.79,14.09,13.38,0.9410,-1,-1,-1
49,-1,6.74,85.57,10.84,10.85,0.9222,-1,-1,-1
49,-1,39.41,10.87,14.48,14.05,0.8883,-1,-1,-1
49,-1,82.31,99.83,15.99,13.07,0.6596,-1,-1,-1
50,-1,30.84,20.69,13.54,13.28,1.0000,-1,-1,-1
50,-1,86.54,39.14,13.11,16.92,0.9865,-1,-1,-1
50,-1,111.02,80.43,16.98,14.22,0.9822,-1,-1,-1
50,-1,85.73,100.35,15.23,13.08,0.9648,-1,-1,-1
50,-1,6.09,84.96,10.32,10.37,0.9456,-1,-1,-1
50,-1,2.88,48.03,16.01,8.73,0.9360,-1,-1,-1
50,-1,103.18,9.06,13.85,12.72,0.9358,-1,-1,-1
50,-1,41.17,9.04,15.18,16.32,0.7430,-1,-1,-1
50,-1,84.94,44.70,11.14,16.27,0.7370,-1,-1,-1
50,-1,74.85,55.03,20.09,14.68,0.5683,-1,-1,-1
50,-1,73.76,13.57,16.27,14.00,0.0700,-1,-1,-1
51,-1,4.41,84.90,10.79,10.10,1.0000,-1,-1,-1
51,-1,32.57,21.41,14.17,12.64,1.0000,-1,-1,-1
51,-1,86.37,100.31,15.52,13.16,0.9794,-1,-1,-1
51,-1,113.55,80.75,14.45,13.58,0.9698,-1,-1,-1
51,-1,88.02,38.18,13.95,16.05,0.8965,-1,-1,-1
51,-1,7.14,48.13,15.83,8.35,0.8832,-1,-1,-1
51,-1,85.34,43.69,11.72,15.25,0.8216,-1,-1,-1
51,-1,40.36,94.06,16.53,12.98,0.8138,-1,-1,-1
51,-1,109.77,21.72,8.77,13.33,0.1468,-1,-1,-1
52,-1,114.33,81.31,13.67,14.21,1.0000,-1,-1,-1
52,-1,33.45,21.52,13.77,13.62,1.0000,-1,-1,-1
52,-1,4.70,84.14,9.94,12.37,0.9577,-1,-1,-1
52,-1,104.43,8.14,13.70,13.89,0.9378,-1,-1,-1
52,-1,8.97,48.60,14.50,8.77,0.9225,-1,-1,-1
52,-1,87.05,99.80,16.44,12.61,0.9025,-1,-1,-1
52,-1,90.30,38.49,13.46,16.38,0.8617,-1,-1,-1
52,-1,39.27,94.18,15.81,13.00,0.7549,-1,-1,-1
52,-1,61.67,95.72,17.06,18.09,0.4531,-1,-1,-1
52,-1,78.29,13.88,14.26,14.61,0.2360,-1,-1,-1
53,-1,88.15,100.56,16.40,13.57,1.0000,-1,-1,-1
53,-1,9.49,47.79,15.61,9.37,1.0000,-1,-1,-1
53,-1,106.34,7.11,14.30,14.01,0.9452,-1,-1,-1
53,-1,3.17,84.25,10.48,11.13,0.9254,-1,-1,-1
53,-1,90.41,36.96,14.11,15.36,0.9094,-1,-1,-1
53,-1,37.65,19.84,14.03,13.39,0.8973,-1,-1,-1
53,-1,88.26,42.93,10.99,14.34,0.6770,-1,-1,-1
54,-1,11.04,48.36,16.86,9.03,1.0000,-1,-1,-1
54,-1,106.92,7.59,13.21,13.34,0.9905,-1,-1,-1
54,-1,111.02,81.62,16.88,13.15,0.9792,-1,-1,-1
54,-1,1.41,84.04,10.24,11.54,0.9670,-1,-1,-1
54,-1,92.02,38.22,13.29,16.43,0.9664,-1,-1,-1
54,-1,89.78,100.33,16.28,13.85,0.9222,-1,-1,-1
54,-1,35.79,93.80,16.73,13.59,0.8953,-1,-1,-1
54,-1,39.50,20.66,13.85,12.36,0.7971,-1,-1,-1
54,-1,89.75,41.86,11.64,15.36,0.7162,-1,-1,-1
54,-1,88.31,47.09,11.04,14.85,0.5729,-1,-1,-1
55,-1,94.82,39.34,13.47,15.44,1.0000,-1,-1,-1
55,-1,11.96,49.09,16.19,8.70,0.9407,-1,-1,-1
55,-1,107.73,7.18,14.20,13.63,0.9096,-1,-1,-1
55,-1,90.90,101.28,15.50,14.14,0.9072,-1,-1,-1
55,-1,0.27,83.01,10.54,11.09,0.8967,-1,-1,-1
55,-1,107.31,81.86,17.40,13.93,0.8487,-1,-1,-1
55,-1,42.39,20.32,13.46,12.26,0.8431,-1,-1,-1
55,-1,105.37,8.72,13.69,18.26,0.7277,-1,-1,-1
55,-1,35.16,94.58,16.04,13.18,0.6818,-1,-1,-1
55,-1,91.02,41.18,11.64,14.93,0.6250,-1,-1,-1
56,-1,13.52,48.35,15.40,8.93,0.9760,-1,-1,-1
56,-1,109.24,7.41,14.25,13.23,0.9722,-1,-1,-1
56,-1,96.32,38.77,12.68,14.81,0.9463,-1,-1,-1
56,-1,34.98,93.61,16.25,13.26,0.9284,-1,-1,-1
56,-1,105.89,81.51,18.13,14.41,0.9238,-1,-1,-1
56,-1,93.13,40.75,11.14,15.44,0.8594,-1,-1,-1
56,-1,1.09,82.50,11.12,10.69,0.8306,-1,-1,-1
57,-1,107.25,80.90,15.88,15.61,1.0000,-1,-1,-1
57,-1,111.56,7.09,14.01,14.45,1.0000,-1,-1,-1
57,-1,2.34,82.24,11.19,10.64,0.9775,-1,-1,-1
57,-1,93.10,100.71,15.60,13.74,0.9712,-1,-1,-1
57,-1,17.46,48.93,15.71,9.22,0.9611,-1,-1,-1
57,-1,95.43,35.93,12.84,16.14,0.8674,-1,-1,-1
57,-1,32.65,94.99,16.36,14.04,0.8262,-1,-1,-1
57,-1,94.01,41.38,10.54,16.11,0.6117,-1,-1,-1
58,-1,30.87,94.10,16.22,13.39,1.0000,-1,-1,-1
58,-1,104.17,81.98,16.22,14.71,0.9853,-1,-1,-1
58,-1,110.79,7.06,14.47,14.00,0.9502,-1,-1,-1
58,-1,97.83,36.68,12.74,15.75,0.9396,-1,-1,-1
58,-1,114.49,5.11,9.28,16.40,0.7601,-1,-1,-1
58,-1,94.39,102.28,15.72,13.07,0.7290,-1,-1,-1
58,-1,13.28,112.40,12.05,14.24,0.3284,-1,-1,-1
59,-1,98.70,37.75,13.01,15.76,1.0000,-1,-1,-1
59,-1,112.77,6.53,13.69,13.16,1.0000,-1,-1,-1
59,-1,96.32,102.25,15.80,12.80,0.9377,-1,-1,-1
59,-1,4.92,80.39,10.91,10.97,0.9161,-1,-1,-1
59,-1,20.48,48.73,15.81,9.15,0.8998,-1,-1,-1
59,-1,30.10,93.40,16.99,14.15,0.8938,-1,-1,-1
59,-1,101.94,81.31,17.50,13.60,0.8749,-1,-1,-1
59,-1,24.82,99.06,13.01,14.12,0.6781,-1,-1,-1
60,-1,96.17,101.89,16.22,12.94,1.0000,-1,-1,-1
60,-1,20.28,49.02,16.10,8.78,1.0000,-1,-1,-1
60,-1,114.91,6.65,13.09,13.09,1.0000,-1,-1,-1
60,-1,99.72,81.67,17.69,15.28,0.9651,-1,-1,-1
60,-1,29.64,93.02,15.68,13.20,0.9162,-1,-1,-1
60,-1,6.71,80.49,11.23,11.49,0.8849,-1,-1,-1
60,-1,100.68,36.66,13.38,15.43,0.8707,-1,-1,-1
